combinacao | dim | mAP | P@1 | P@5
--------------------------------------------------------
hsv                          |    96 | 0.105 | 0.251 | 0.125
corr                         |    48 | 0.092 | 0.185 | 0.114
hog                          |  1764 | 0.076 | 0.155 | 0.084
lbp                          |    10 | 0.085 | 0.155 | 0.099
glcm                         |    12 | 0.088 | 0.166 | 0.107
gabor                        |    80 | 0.111 | 0.224 | 0.142
hsv+corr                     |   144 | 0.111 | 0.240 | 0.139
hsv+glcm                     |   108 | 0.116 | 0.271 | 0.146
hsv+gabor                    |   176 | 0.133 | 0.301 | 0.175
hsv+glcm+gabor               |   188 | 0.135 | 0.301 | 0.173
hsv+corr+glcm                |   156 | 0.121 | 0.273 | 0.155
hsv+lbp+glcm+gabor           |   198 | 0.138 | 0.315 | 0.183
hsv+corr+lbp+glcm+gabor      |   246 | 0.140 | 0.323 | 0.182
hsv+hog+lbp+glcm+corr+gabor  |  2010 | 0.101 | 0.227 | 0.125
