combinacao | dim | acc_val | acc_test | acc_test_top3
----------------------------------------------------------------------
hsv                            |    96 | 0.255   | 0.298    | 0.489
hog                            |  8100 | 0.085   | 0.128    | 0.191
lbp                            |    10 | 0.191   | 0.128    | 0.255
gabor                          |    32 | 0.170   | 0.191    | 0.340
hsv+hog                        |  8196 | 0.149   | 0.319    | 0.383
hsv+lbp                        |   106 | 0.234   | 0.255    | 0.447
hsv+gabor                      |   128 | 0.277   | 0.340    | 0.426
hog+lbp                        |  8110 | 0.191   | 0.149    | 0.319
hog+gabor                      |  8132 | 0.106   | 0.191    | 0.340
lbp+gabor                      |    42 | 0.213   | 0.149    | 0.340
hsv+hog+lbp                    |  8206 | 0.234   | 0.106    | 0.319
hsv+hog+lbp+gabor              |  8238 | 0.128   | 0.191    | 0.298
